[8;25;80t<<$clear>>[38;2;255;179;179mV[38;2;255;177;177mE[38;2;255;174;174mR[38;2;255;172;172mS[38;2;255;170;170mI[38;2;255;167;167mO[38;2;255;165;165mN[38;2;255;163;163m: [38;2;255;158;158m1[38;2;255;156;156m.[38;2;255;153;153m3 [38;2;255;149;149m| [38;2;255;144;144mS[38;2;255;142;142mE[38;2;255;139;139mR[38;2;255;137;137mV[38;2;255;135;135mI[38;2;255;133;133mN[38;2;255;130;130mG[38;2;255;128;128m: [38;2;255;123;123mr[38;2;255;121;121mo[38;2;255;119;119mo[38;2;255;116;116mt [38;2;255;112;112m| [38;2;255;107;107mT[38;2;255;105;105mG[38;2;255;102;102m: [38;2;255;98;98m@[38;2;255;95;95ms[38;2;255;93;93mp[38;2;255;91;91mr[38;2;255;88;88mi[38;2;255;86;86mn[38;2;255;84;84mg[38;2;255;81;81mt[38;2;255;79;79mh[38;2;255;77;77me[38;2;255;74;74mc[38;2;255;72;72ma[38;2;255;70;70mt [38;2;255;65;65m| [38;2;255;60;60mD[38;2;255;58;58me[38;2;255;56;56ms[38;2;255;53;53mi[38;2;255;51;51mg[38;2;255;49;49mn[38;2;255;46;46me[38;2;255;44;44md [38;2;255;40;40mB[38;2;255;37;37my [38;2;255;33;33mP[38;2;255;30;30mr[38;2;255;28;28mi[38;2;255;26;26mv[38;2;255;23;23ma[38;2;255;21;21mt[38;2;255;19;19me

                               [38;2;255;107;107m╦[38;2;255;105;105m═[38;2;255;102;102m╗[38;2;255;100;100m╔[38;2;255;98;98m═[38;2;255;95;95m╗[38;2;255;93;93m╦  [38;2;255;86;86m╦[38;2;255;84;84m╔[38;2;255;81;81m═[38;2;255;79;79m╗[38;2;255;77;77m╦[38;2;255;74;74m═[38;2;255;72;72m╗[38;2;255;70;70m╔[38;2;255;67;67m╗
                               [38;2;255;107;107m╠[38;2;255;105;105m╦[38;2;255;102;102m╝[38;2;255;100;100m╠[38;2;255;98;98m╣ [38;2;255;93;93m╚[38;2;255;91;91m╗[38;2;255;88;88m╔[38;2;255;86;86m╝[38;2;255;84;84m╠[38;2;255;81;81m╣ [38;2;255;77;77m╠[38;2;255;74;74m╦[38;2;255;72;72m╝[38;2;255;70;70m╠[38;2;255;67;67m╩[38;2;255;65;65m╗
                               [38;2;255;107;107m╩[38;2;255;105;105m╚[38;2;255;102;102m═[38;2;255;100;100m╚[38;2;255;98;98m═[38;2;255;95;95m╝ [38;2;255;91;91m╚[38;2;255;88;88m╝ [38;2;255;84;84m╚[38;2;255;81;81m═[38;2;255;79;79m╝[38;2;255;77;77m╩[38;2;255;74;74m╚[38;2;255;72;72m═[38;2;255;70;70m╚[38;2;255;67;67m═[38;2;255;65;65m╝
                      [38;2;255;128;128m💛 [38;2;255;123;123m𝓟[38;2;255;121;121m𝓪[38;2;255;119;119m𝓼[38;2;255;116;116m𝓽 [38;2;255;112;112m𝓭[38;2;255;109;109m𝓸[38;2;255;107;107m𝓼[38;2;255;105;105m𝓮[38;2;255;102;102m𝓷[38;2;255;100;100m𝓽 [38;2;255;95;95m𝓬[38;2;255;93;93m𝓱[38;2;255;91;91m𝓪[38;2;255;88;88m𝓷[38;2;255;86;86m𝓰[38;2;255;84;84m𝓮[38;2;255;81;81m, [38;2;255;77;77m𝓽[38;2;255;74;74m𝓱[38;2;255;72;72m𝓮 [38;2;255;67;67m𝓯[38;2;255;65;65m𝓾[38;2;255;63;63m𝓽[38;2;255;60;60m𝓾[38;2;255;58;58m𝓻[38;2;255;56;56m𝓮 [38;2;255;51;51m𝓭[38;2;255;49;49m𝓸[38;2;255;46;46m𝓮[38;2;255;44;44m𝓼 [38;2;255;40;40m💛
                  [38;2;255;137;137m╚[38;2;255;135;135m╦[38;2;255;133;133m═[38;2;255;130;130m═[38;2;255;128;128m═[38;2;255;126;126m═[38;2;255;123;123m═[38;2;255;121;121m═[38;2;255;119;119m═[38;2;255;116;116m═[38;2;255;114;114m═[38;2;255;112;112m═[38;2;255;109;109m═[38;2;255;107;107m═[38;2;255;105;105m═[38;2;255;102;102m═[38;2;255;100;100m═[38;2;255;98;98m═[38;2;255;95;95m═[38;2;255;93;93m═[38;2;255;91;91m═[38;2;255;88;88m═[38;2;255;86;86m═[38;2;255;84;84m═[38;2;255;81;81m═[38;2;255;79;79m═[38;2;255;77;77m═[38;2;255;74;74m═[38;2;255;72;72m═[38;2;255;70;70m═[38;2;255;67;67m═[38;2;255;65;65m═[38;2;255;63;63m═[38;2;255;60;60m═[38;2;255;58;58m═[38;2;255;56;56m═[38;2;255;53;53m═[38;2;255;51;51m═[38;2;255;49;49m═[38;2;255;46;46m═[38;2;255;44;44m═[38;2;255;42;42m═[38;2;255;40;40m═[38;2;255;37;37m═[38;2;255;35;35m╦[38;2;255;33;33m╝
             [38;2;255;149;149m╚[38;2;255;146;146m╦[38;2;255;144;144m═[38;2;255;142;142m═[38;2;255;139;139m═[38;2;255;137;137m═[38;2;255;135;135m╩[38;2;255;133;133m═[38;2;255;130;130m═[38;2;255;128;128m═[38;2;255;126;126m═[38;2;255;123;123m═[38;2;255;121;121m═[38;2;255;119;119m═[38;2;255;116;116m═[38;2;255;114;114m═[38;2;255;112;112m═[38;2;255;109;109m═[38;2;255;107;107m═[38;2;255;105;105m═[38;2;255;102;102m═[38;2;255;100;100m═[38;2;255;98;98m═[38;2;255;95;95m═[38;2;255;93;93m═[38;2;255;91;91m═[38;2;255;88;88m═[38;2;255;86;86m═[38;2;255;84;84m═[38;2;255;81;81m═[38;2;255;79;79m═[38;2;255;77;77m═[38;2;255;74;74m═[38;2;255;72;72m═[38;2;255;70;70m═[38;2;255;67;67m═[38;2;255;65;65m═[38;2;255;63;63m═[38;2;255;60;60m═[38;2;255;58;58m═[38;2;255;56;56m═[38;2;255;53;53m═[38;2;255;51;51m═[38;2;255;49;49m═[38;2;255;46;46m═[38;2;255;44;44m═[38;2;255;42;42m═[38;2;255;40;40m═[38;2;255;37;37m═[38;2;255;35;35m╩[38;2;255;33;33m═[38;2;255;30;30m═[38;2;255;28;28m═[38;2;255;26;26m═[38;2;255;23;23m╦[38;2;255;21;21m╝
              [38;2;255;146;146m║  [38;2;255;139;139mW[38;2;255;137;137me[38;2;255;135;135ml[38;2;255;133;133mc[38;2;255;130;130mo[38;2;255;128;128mm[38;2;255;126;126me [38;2;255;121;121mT[38;2;255;119;119mo [38;2;255;114;114mT[38;2;255;112;112mh[38;2;255;109;109me [38;2;255;105;105mS[38;2;255;102;102mt[38;2;255;100;100ma[38;2;255;98;98mr[38;2;255;95;95mt [38;2;255;91;91mS[38;2;255;88;88mc[38;2;255;86;86mr[38;2;255;84;84me[38;2;255;81;81me[38;2;255;79;79mn [38;2;255;74;74mO[38;2;255;72;72mf [38;2;255;67;67mR[38;2;255;65;65me[38;2;255;63;63mv[38;2;255;60;60me[38;2;255;58;58mr[38;2;255;56;56mb [38;2;255;51;51mC[38;2;255;49;49m2[38;2;255;46;46m/[38;2;255;44;44mB[38;2;255;42;42mo[38;2;255;40;40mt[38;2;255;37;37mm[38;2;255;35;35me[38;2;255;33;33mt   [38;2;255;23;23m║
              [38;2;255;146;146m║      [38;2;255;130;130mP[38;2;255;128;128mo[38;2;255;126;126mw[38;2;255;123;123me[38;2;255;121;121mr[38;2;255;119;119me[38;2;255;116;116md [38;2;255;112;112mb[38;2;255;109;109my [38;2;255;105;105mR[38;2;255;102;102me[38;2;255;100;100mv[38;2;255;98;98me[38;2;255;95;95mr[38;2;255;93;93mb [38;2;255;88;88mA[38;2;255;86;86mP[38;2;255;84;84mI[38;2;255;81;81m, [38;2;255;77;77mR[38;2;255;74;74ma[38;2;255;72;72mn [38;2;255;67;67mb[38;2;255;65;65my [38;2;255;60;60m@[38;2;255;58;58ms[38;2;255;56;56mp[38;2;255;53;53mr[38;2;255;51;51mi[38;2;255;49;49mn[38;2;255;46;46mg[38;2;255;44;44mt[38;2;255;42;42mh[38;2;255;40;40me[38;2;255;37;37mc[38;2;255;35;35ma[38;2;255;33;33mt   [38;2;255;23;23m║
             [38;2;255;149;149m╚[38;2;255;146;146m╩[38;2;255;144;144m═[38;2;255;142;142m═[38;2;255;139;139m═[38;2;255;137;137m═[38;2;255;135;135m═[38;2;255;133;133m═[38;2;255;130;130m═[38;2;255;128;128m═[38;2;255;126;126m═[38;2;255;123;123m═[38;2;255;121;121m═[38;2;255;119;119m═[38;2;255;116;116m═[38;2;255;114;114m═[38;2;255;112;112m═[38;2;255;109;109m═[38;2;255;107;107m═[38;2;255;105;105m═[38;2;255;102;102m═[38;2;255;100;100m═[38;2;255;98;98m═[38;2;255;95;95m═[38;2;255;93;93m═[38;2;255;91;91m═[38;2;255;88;88m═[38;2;255;86;86m═[38;2;255;84;84m═[38;2;255;81;81m═[38;2;255;79;79m═[38;2;255;77;77m═[38;2;255;74;74m═[38;2;255;72;72m═[38;2;255;70;70m═[38;2;255;67;67m═[38;2;255;65;65m═[38;2;255;63;63m═[38;2;255;60;60m═[38;2;255;58;58m═[38;2;255;56;56m═[38;2;255;53;53m═[38;2;255;51;51m═[38;2;255;49;49m═[38;2;255;46;46m═[38;2;255;44;44m═[38;2;255;42;42m═[38;2;255;40;40m═[38;2;255;37;37m═[38;2;255;35;35m═[38;2;255;33;33m═[38;2;255;30;30m═[38;2;255;28;28m═[38;2;255;26;26m═[38;2;255;23;23m╩[38;2;255;21;21m╝
                           [38;2;255;116;116m💫 [38;2;255;112;112mh[38;2;255;109;109mt[38;2;255;107;107mt[38;2;255;105;105mp[38;2;255;102;102ms[38;2;255;100;100m:[38;2;255;98;98m/[38;2;255;95;95m/[38;2;255;93;93mt[38;2;255;91;91m.[38;2;255;88;88mm[38;2;255;86;86me[38;2;255;84;84m/[38;2;255;81;81mr[38;2;255;79;79me[38;2;255;77;77mv[38;2;255;74;74me[38;2;255;72;72mr[38;2;255;70;70mb[38;2;255;67;67mr[38;2;255;65;65me[38;2;255;63;63md[38;2;255;60;60mi[38;2;255;58;58mr[38;2;255;56;56me[38;2;255;53;53mc[38;2;255;51;51mt [38;2;255;46;46m💫
             [38;2;255;149;149m╚[38;2;255;146;146m╦[38;2;255;144;144m═[38;2;255;142;142m═[38;2;255;139;139m═[38;2;255;137;137m═[38;2;255;135;135m═[38;2;255;133;133m═[38;2;255;130;130m═[38;2;255;128;128m═[38;2;255;126;126m═[38;2;255;123;123m═[38;2;255;121;121m═[38;2;255;119;119m═[38;2;255;116;116m═[38;2;255;114;114m═[38;2;255;112;112m═[38;2;255;109;109m═[38;2;255;107;107m═[38;2;255;105;105m═[38;2;255;102;102m═[38;2;255;100;100m═[38;2;255;98;98m═[38;2;255;95;95m═[38;2;255;93;93m═[38;2;255;91;91m═[38;2;255;88;88m═[38;2;255;86;86m═[38;2;255;84;84m═[38;2;255;81;81m═[38;2;255;79;79m═[38;2;255;77;77m═[38;2;255;74;74m═[38;2;255;72;72m═[38;2;255;70;70m═[38;2;255;67;67m═[38;2;255;65;65m═[38;2;255;63;63m═[38;2;255;60;60m═[38;2;255;58;58m═[38;2;255;56;56m═[38;2;255;53;53m═[38;2;255;51;51m═[38;2;255;49;49m═[38;2;255;46;46m═[38;2;255;44;44m═[38;2;255;42;42m═[38;2;255;40;40m═[38;2;255;37;37m═[38;2;255;35;35m═[38;2;255;33;33m═[38;2;255;30;30m═[38;2;255;28;28m═[38;2;255;26;26m═[38;2;255;23;23m╦[38;2;255;21;21m╝
              [38;2;255;146;146m║   [38;2;255;137;137mT[38;2;255;135;135my[38;2;255;133;133mp[38;2;255;130;130me [38;2;255;126;126m"[38;2;255;123;123mh[38;2;255;121;121me[38;2;255;119;119ml[38;2;255;116;116mp[38;2;255;114;114m" [38;2;255;109;109mT[38;2;255;107;107mo [38;2;255;102;102mS[38;2;255;100;100me[38;2;255;98;98me [38;2;255;93;93mA[38;2;255;91;91ml[38;2;255;88;88ml [38;2;255;84;84mO[38;2;255;81;81mf [38;2;255;77;77mT[38;2;255;74;74mh[38;2;255;72;72me [38;2;255;67;67mR[38;2;255;65;65me[38;2;255;63;63mv[38;2;255;60;60me[38;2;255;58;58mr[38;2;255;56;56mb[38;2;255;53;53mC[38;2;255;51;51m2 [38;2;255;46;46mC[38;2;255;44;44mo[38;2;255;42;42mm[38;2;255;40;40mm[38;2;255;37;37ma[38;2;255;35;35mn[38;2;255;33;33md[38;2;255;30;30ms  [38;2;255;23;23m║
              [38;2;255;146;146m║    [38;2;255;135;135mC[38;2;255;133;133mo[38;2;255;130;130mp[38;2;255;128;128my[38;2;255;126;126mr[38;2;255;123;123mi[38;2;255;121;121mg[38;2;255;119;119mh[38;2;255;116;116mt [38;2;255;112;112m© [38;2;255;107;107m2[38;2;255;105;105m0[38;2;255;102;102m2[38;2;255;100;100m6 [38;2;255;95;95mR[38;2;255;93;93me[38;2;255;91;91mv[38;2;255;88;88me[38;2;255;86;86mr[38;2;255;84;84mb[38;2;255;81;81mC[38;2;255;79;79m2 [38;2;255;74;74mA[38;2;255;72;72ml[38;2;255;70;70ml [38;2;255;65;65mR[38;2;255;63;63mi[38;2;255;60;60mg[38;2;255;58;58mh[38;2;255;56;56mt[38;2;255;53;53ms [38;2;255;49;49mR[38;2;255;46;46me[38;2;255;44;44ms[38;2;255;42;42me[38;2;255;40;40mr[38;2;255;37;37mv[38;2;255;35;35me[38;2;255;33;33md   [38;2;255;23;23m║
             [38;2;255;149;149m╔[38;2;255;146;146m╩[38;2;255;144;144m═[38;2;255;142;142m═[38;2;255;139;139m═[38;2;255;137;137m═[38;2;255;135;135m═[38;2;255;133;133m═[38;2;255;130;130m═[38;2;255;128;128m═[38;2;255;126;126m═[38;2;255;123;123m═[38;2;255;121;121m═[38;2;255;119;119m═[38;2;255;116;116m═[38;2;255;114;114m═[38;2;255;112;112m═[38;2;255;109;109m═[38;2;255;107;107m═[38;2;255;105;105m═[38;2;255;102;102m═[38;2;255;100;100m═[38;2;255;98;98m═[38;2;255;95;95m═[38;2;255;93;93m═[38;2;255;91;91m═[38;2;255;88;88m═[38;2;255;86;86m═[38;2;255;84;84m═[38;2;255;81;81m═[38;2;255;79;79m═[38;2;255;77;77m═[38;2;255;74;74m═[38;2;255;72;72m═[38;2;255;70;70m═[38;2;255;67;67m═[38;2;255;65;65m═[38;2;255;63;63m═[38;2;255;60;60m═[38;2;255;58;58m═[38;2;255;56;56m═[38;2;255;53;53m═[38;2;255;51;51m═[38;2;255;49;49m═[38;2;255;46;46m═[38;2;255;44;44m═[38;2;255;42;42m═[38;2;255;40;40m═[38;2;255;37;37m═[38;2;255;35;35m═[38;2;255;33;33m═[38;2;255;30;30m═[38;2;255;28;28m═[38;2;255;26;26m═[38;2;255;23;23m╩[38;2;255;21;21m╗[0m